4 1 1 0x1.78b56362cef38p-2
4 1 1 0x1.78b56362cef38p-2
4 1 1 0x1.78b56362cef38p-2
4 1 1 0x1.78b56362cef38p-2
4 1 1 0x1.78b56362cef38p-2
4 1 1 0x1.78b56362cef38p-2
4 1 1 0x1.78b56362cef38p-2
4 1 1 0x1.78b56362cef38p-2
4 1 1 0x1.78b56362cef38p-2
4 1 1 0x1.78b56362cef38p-2
2 1 1 0x1.78b56362cef38p-2
2 1 1 0x1.78b56362cef38p-2
2 1 1 0x1.78b56362cef38p-2
2 1 1 0x1.78b56362cef38p-2
2 1 1 0x1.78b56362cef38p-2
2 1 1 0x1.78b56362cef38p-2
2 1 1 0x1.78b56362cef38p-2
3 1 1 0x1.78b56362cef38p-2
3 1 1 0x1.78b56362cef38p-2
3 1 1 0x1.78b56362cef38p-2
4 1 1 0x1.78b56362cef38p-2
4 1 1 0x1.78b56362cef38p-2
4 1 1 0x1.78b56362cef38p-2
4 1 1 0x1.78b56362cef38p-2
4 35 8 0x1.9c7cfd9fd3c47p-7
