4 3 2 0x1.c8f87724b5c1ep-3
4 3 2 0x1.c8f87724b5c1ep-3
4 3 2 0x1.c8f87724b5c1ep-3
4 3 2 0x1.c8f87724b5c1ep-3
4 3 2 0x1.c8f87724b5c1ep-3
4 3 2 0x1.c8f87724b5c1ep-3
4 3 2 0x1.c8f87724b5c1ep-3
4 3 2 0x1.c8f87724b5c1ep-3
4 3 2 0x1.c8f87724b5c1ep-3
4 3 2 0x1.c8f87724b5c1ep-3
2 3 2 0x1.c8f87724b5c1ep-3
2 3 2 0x1.c8f87724b5c1ep-3
2 3 2 0x1.c8f87724b5c1ep-3
2 3 2 0x1.c8f87724b5c1ep-3
2 3 2 0x1.c8f87724b5c1ep-3
2 3 2 0x1.c8f87724b5c1ep-3
2 3 2 0x1.c8f87724b5c1ep-3
3 3 2 0x1.c8f87724b5c1ep-3
3 3 2 0x1.c8f87724b5c1ep-3
3 3 2 0x1.c8f87724b5c1ep-3
4 3 2 0x1.c8f87724b5c1ep-3
4 3 2 0x1.c8f87724b5c1ep-3
4 3 2 0x1.c8f87724b5c1ep-3
4 3 2 0x1.c8f87724b5c1ep-3
4 4 1 0x1.2c155b8213cf5p-6
