4 1 2 0x1.368b2fc6f960ap-1
4 1 2 0x1.368b2fc6f960ap-1
4 1 2 0x1.368b2fc6f960ap-1
4 1 2 0x1.368b2fc6f960ap-1
4 1 2 0x1.368b2fc6f960ap-1
4 1 2 0x1.368b2fc6f960ap-1
4 1 2 0x1.368b2fc6f960ap-1
4 1 2 0x1.368b2fc6f960ap-1
4 1 2 0x1.368b2fc6f960ap-1
4 1 2 0x1.368b2fc6f960ap-1
2 1 2 0x1.368b2fc6f960ap-1
2 1 2 0x1.368b2fc6f960ap-1
2 1 2 0x1.368b2fc6f960ap-1
2 1 2 0x1.368b2fc6f960ap-1
2 1 2 0x1.368b2fc6f960ap-1
2 1 2 0x1.368b2fc6f960ap-1
2 1 2 0x1.368b2fc6f960ap-1
3 1 2 0x1.368b2fc6f960ap-1
3 1 2 0x1.368b2fc6f960ap-1
3 1 2 0x1.368b2fc6f960ap-1
4 1 2 0x1.368b2fc6f960ap-1
4 1 2 0x1.368b2fc6f960ap-1
4 1 2 0x1.368b2fc6f960ap-1
4 1 2 0x1.368b2fc6f960ap-1
4 35 8 0x1.9c7cfd9fd3c47p-7
